%YAML:1.0
---
image_width: 1920
image_height: 1080
distortion_model: plumb_bob
camera_matrix: !!opencv-matrix
   rows: 3
   cols: 3
   dt: d
   data: [ 1.3375263025314430e+03, 0., 9.5272611641412141e+02, 0.,
       1.3352187743841066e+03, 5.4250711769016209e+02, 0., 0., 1. ]
distortion_coefficients: !!opencv-matrix
   rows: 1
   cols: 5
   dt: d
   data: [ 1.3747345950565765e-01, -4.1422359880936227e-01,
       9.9820849149938350e-04, 1.1331715064925923e-04,
       3.7148937813076643e-01 ]
opencv_rms: 5.7088653324096983e-01
mean_reprojection_error_px: 4.9068293955770759e-01
