%YAML:1.0
---
rows: 6
cols: 1
data:
  - [0.030783037090299167]
  - [-0.034765492901745743]
  - [0.25531824730790592]
  - [1.1490134137512438]
  - [2.7370044068990351]
  - [-0.52398995949914962]
