%YAML:1.0
---
type: perspectiveProjWithoutDistortion
px: 907.7258031
py: 906.8582153
u0: 657.2998502
v0: 358.9750977
