%YAML:1.0
---
rows: 6
cols: 1
data:
   -
      - 2.3315935522636715e-02
   -
      - -1.0013711791302667e-01
   -
      - 8.8151693655770025e-02
   -
      - -3.4579199504597441e-01
   -
      - 4.7005405016730143e-03
   -
      - -3.3872807775054498e-02
