%YAML:1.0
---
rows: 6
cols: 1
data:
   -
      - -3.4796455048436712e-03
   -
      - -1.6377345358115476e-02
   -
      - 1.3526293361340914e-02
   -
      - 1.8808017339387396e-02
   -
      - -1.2730891825453122e-02
   -
      - -1.9268511925552803e-02
