%YAML:1.0
---
image_width: 1920
image_height: 1080
distortion_model: plumb_bob
camera_matrix: !!opencv-matrix
   rows: 3
   cols: 3
   dt: d
   data: [ 1.3441379897836698e+03, 0., 9.8391179794640675e+02, 0.,
       1.3429150291418653e+03, 5.5761009739886515e+02, 0., 0., 1. ]
distortion_coefficients: !!opencv-matrix
   rows: 1
   cols: 5
   dt: d
   data: [ 1.7646976929463207e-01, -5.6195859584363983e-01,
       1.1530423947905869e-03, 2.2067650016414044e-04,
       5.0725682889722112e-01 ]
opencv_rms: 5.3315929222354574e-01
mean_reprojection_error_px: 4.6254070869066133e-01
