%YAML:1.0
---
rows: 6
cols: 1
data:
   - [ 0. ]
   - [ -1.6000000000000001e-01 ]
   - [ 1.1000000000000000e-01 ]
   - [ 0. ]
   - [ 2.2214000000000000e+00 ]
   - [ -2.2214000000000000e+00 ]
