%YAML:1.0
---
rows: 6
cols: 1
data:
   -
      - -2.8674148941687023e-02
   -
      - -3.3818596787386836e-02
   -
      - -1.7654997458888459e-03
   -
      - -3.5711942989143769e-01
   -
      - -3.5642258931868434e-03
   -
      - -5.0525920875684523e-03
