%YAML:1.0
---
image_width: 1920
image_height: 1080
distortion_model: plumb_bob
camera_matrix: !!opencv-matrix
   rows: 3
   cols: 3
   dt: d
   data: [ 1.3469006519970933e+03, 0., 9.6697858581173432e+02, 0.,
       1.3450152337831332e+03, 5.6083557103595308e+02, 0., 0., 1. ]
distortion_coefficients: !!opencv-matrix
   rows: 1
   cols: 5
   dt: d
   data: [ 1.6098872380531137e-01, -5.3274247968399657e-01,
       1.7571020542225804e-03, 8.4687702099661309e-04,
       4.9992358937232095e-01 ]
opencv_rms: 5.0936739133801157e-01
mean_reprojection_error_px: 4.4113834079974096e-01
