%YAML:1.0
---
serial: "327122073214"
width: 1920
height: 1080
