%YAML:1.0
---
rows: 6
cols: 1
data:
   -
      - -3.2338357852092610e-02
   -
      - 1.0139451762554497e-01
   -
      - -3.1970441527631330e-02
   -
      - 3.5396094808825518e-01
   -
      - -7.4596256667034764e-03
   -
      - 9.7338533890417786e-03
