%YAML:1.0
---
image_width: 1920
image_height: 1080
distortion_model: plumb_bob
camera_matrix: !!opencv-matrix
   rows: 3
   cols: 3
   dt: d
   data: [ 1.3380137568246896e+03, 0., 9.5138744819970759e+02, 0.,
       1.3360825371579399e+03, 5.4781304151664335e+02, 0., 0., 1. ]
distortion_coefficients: !!opencv-matrix
   rows: 1
   cols: 5
   dt: d
   data: [ 1.5056043868554053e-01, -4.8206676280848865e-01,
       2.3581982344171226e-03, -8.0065501853265962e-05,
       4.5802746035718861e-01 ]
opencv_rms: 5.2934027901331815e-01
mean_reprojection_error_px: 4.5240755226734303e-01
